# n(z) estimate covariance matrix (20x20)
 nan  nan  nan  nan  nan  nan  nan  nan  nan  nan  nan  nan  nan  nan  nan  nan  nan  nan  nan  nan 
 nan  3.3474543e+00  1.9096956e+00 -5.3843730e+00  3.5068239e-01  2.7522030e+00 -1.7802043e+00  1.2449557e+00 -2.5048231e+00 -4.6259814e+00 -2.2748253e+00 -4.8439097e-01  2.9588337e+00  1.0593718e+00 -2.5508033e+00 -3.4780111e+00 -3.0192227e-01 -2.8403721e+00 -3.3727315e+00  nan 
 nan  1.9096956e+00  9.1402894e+00 -1.0491293e+01  1.0307030e+00  2.0091389e+00 -8.9417173e+00 -4.2411053e+00 -6.3898630e+00  3.8764865e-01 -2.7758459e+00 -1.6783525e+00  5.2945452e+00  2.5343332e+00 -2.4418435e+00 -7.3452241e+00 -4.1503276e+00  1.5988496e+01  1.4894465e+00  nan 
 nan -5.3843730e+00 -1.0491293e+01  2.7975922e+01 -2.1506254e+00 -9.0956836e+00  1.6568235e+00  3.0668119e+00  8.9830111e+00  3.3394251e+00  7.6396070e+00 -2.7846576e+00 -2.0536870e+01  4.1479576e+00  1.2028468e+01  1.1424136e+01  7.2716165e+00 -2.0986369e+01  1.0853882e+00  nan 
 nan  3.5068239e-01  1.0307030e+00 -2.1506254e+00  1.7693643e+00 -1.1675228e+00  1.6343924e+00 -2.1511668e+00 -1.6679881e+00  4.9132323e-01  9.3911916e-01  9.6985654e-01  3.3732040e+00  2.3339121e-01 -1.2384874e+00 -3.4936707e-01 -6.2599483e+00 -8.8936341e-01  1.7691064e+00  nan 
 nan  2.7522030e+00  2.0091389e+00 -9.0956836e+00 -1.1675228e+00  5.7369858e+00 -1.3121565e+00  2.5239634e+00 -1.4889554e+00 -3.8356982e+00 -4.5260635e+00  2.3880763e-01  4.7919591e+00 -2.1073579e+00 -4.0927026e+00 -4.1566443e+00  4.7465885e+00  5.1930792e+00 -4.0711148e+00  nan 
 nan -1.7802043e+00 -8.9417173e+00  1.6568235e+00  1.6343924e+00 -1.3121565e+00  1.7268318e+01  1.6000677e+00  4.8220258e+00  1.1286423e+00  2.8391521e+00  6.0538637e+00  5.8132961e+00 -7.1134436e+00 -2.9902535e+00  7.3388620e+00 -5.3750711e+00 -1.3407304e+01  1.4547684e+00  nan 
 nan  1.2449557e+00 -4.2411053e+00  3.0668119e+00 -2.1511668e+00  2.5239634e+00  1.6000677e+00  5.4237454e+00  3.0823350e+00 -4.2648675e+00 -1.4692989e+00 -4.3736459e-01 -3.6643604e+00 -9.4737693e-01  3.8755077e-01  1.3561851e+00  8.5826808e+00 -8.9678762e+00 -5.2473484e+00  nan 
 nan -2.5048231e+00 -6.3898630e+00  8.9830111e+00 -1.6679881e+00 -1.4889554e+00  4.8220258e+00  3.0823350e+00  5.4165191e+00  1.2414618e+00  1.8740134e+00  6.1649375e-01 -5.8383549e+00 -1.9802270e+00  2.9538948e+00  5.5915038e+00  5.8332560e+00 -7.3627150e+00 -5.3871294e-01  nan 
 nan -4.6259814e+00  3.8764865e-01  3.3394251e+00  4.9132323e-01 -3.8356982e+00  1.1286423e+00 -4.2648675e+00  1.2414618e+00  7.8779527e+00  2.8571153e+00  9.5944759e-01 -7.4510997e-01 -1.3866190e+00  2.2685474e+00  2.9245203e+00 -3.4406117e+00  1.0430709e+01  6.6829134e+00  nan 
 nan -2.2748253e+00 -2.7758459e+00  7.6396070e+00  9.3911916e-01 -4.5260635e+00  2.8391521e+00 -1.4692989e+00  1.8740134e+00  2.8571153e+00  3.7834482e+00  3.6515722e-01 -3.5212034e+00  9.2821605e-01  3.0023699e+00  4.1253247e+00 -3.7028915e+00 -6.1101942e+00  3.0101879e+00  nan 
 nan -4.8439097e-01 -1.6783525e+00 -2.7846576e+00  9.6985654e-01  2.3880763e-01  6.0538637e+00 -4.3736459e-01  6.1649375e-01  9.5944759e-01  3.6515722e-01  2.6530536e+00  4.7842054e+00 -3.2331617e+00 -2.4061145e+00  1.4235709e+00 -3.4576171e+00 -6.3035314e-01  1.2563448e+00  nan 
 nan  2.9588337e+00  5.2945452e+00 -2.0536870e+01  3.3732040e+00  4.7919591e+00  5.8132961e+00 -3.6643604e+00 -5.8383549e+00 -7.4510997e-01 -3.5212034e+00  4.7842054e+00  1.8860433e+01 -5.3153885e+00 -1.0178781e+01 -5.6269695e+00 -1.1757593e+01  1.1135812e+01  1.7272125e+00  nan 
 nan  1.0593718e+00  2.5343332e+00  4.1479576e+00  2.3339121e-01 -2.1073579e+00 -7.1134436e+00 -9.4737693e-01 -1.9802270e+00 -1.3866190e+00  9.2821605e-01 -3.2331617e+00 -5.3153885e+00  5.5780438e+00  3.1381306e+00 -1.6747923e+00 -6.4014776e-01 -3.1886871e+00 -5.2731525e-01  nan 
 nan -2.5508033e+00 -2.4418435e+00  1.2028468e+01 -1.2384874e+00 -4.0927026e+00 -2.9902535e+00  3.8755077e-01  2.9538948e+00  2.2685474e+00  3.0023699e+00 -2.4061145e+00 -1.0178781e+01  3.1381306e+00  6.1143921e+00  3.6468163e+00  3.9087287e+00 -4.4645402e+00  1.0473991e+00  nan 
 nan -3.4780111e+00 -7.3452241e+00  1.1424136e+01 -3.4936707e-01 -4.1566443e+00  7.3388620e+00  1.3561851e+00  5.5915038e+00  2.9245203e+00  4.1253247e+00  1.4235709e+00 -5.6269695e+00 -1.6747923e+00  3.6468163e+00  7.4934375e+00  9.7710601e-01 -1.0628155e+01  1.8116057e+00  nan 
 nan -3.0192227e-01 -4.1503276e+00  7.2716165e+00 -6.2599483e+00  4.7465885e+00 -5.3750711e+00  8.5826808e+00  5.8332560e+00 -3.4406117e+00 -3.7028915e+00 -3.4576171e+00 -1.1757593e+01 -6.4014776e-01  3.9087287e+00  9.7710601e-01  2.2548957e+01 -1.2762230e-01 -7.6416819e+00  nan 
 nan -2.8403721e+00  1.5988496e+01 -2.0986369e+01 -8.8936341e-01  5.1930792e+00 -1.3407304e+01 -8.9678762e+00 -7.3627150e+00  1.0430709e+01 -6.1101942e+00 -6.3035314e-01  1.1135812e+01 -3.1886871e+00 -4.4645402e+00 -1.0628155e+01 -1.2762230e-01  5.3631058e+01  8.0105724e+00  nan 
 nan -3.3727315e+00  1.4894465e+00  1.0853882e+00  1.7691064e+00 -4.0711148e+00  1.4547684e+00 -5.2473484e+00 -5.3871294e-01  6.6829134e+00  3.0101879e+00  1.2563448e+00  1.7272125e+00 -5.2731525e-01  1.0473991e+00  1.8116057e+00 -7.6416819e+00  8.0105724e+00  6.7563773e+00  nan 
 nan  nan  nan  nan  nan  nan  nan  nan  nan  nan  nan  nan  nan  nan  nan  nan  nan  nan  nan  nan 
