1.549999999999999989e-02 9.883723505767323392e-01 4.589936518359137053e-03 1.529889215011628445e-04 3.059593000144460824e-04 6.578764683392434622e-03 0.000000000000000000e+00
4.649999999999999967e-02 8.955305085322634584e-01 1.035196911959583967e-03 1.053066171279619682e-03 1.927565223576868398e-03 1.099461345054132851e-02 8.945904971037851872e-02
7.749999999999999944e-02 7.760039360339016090e-01 7.669073528648311100e-03 4.262016189545952266e-03 5.946065300789319177e-03 2.050686555726324509e-02 1.856120433898510169e-01
1.084999999999999992e-01 8.793182866754083449e-01 1.104559729602298292e-02 6.269969203473747636e-03 6.552242229115520615e-03 2.735367455663007680e-02 6.946023003934895246e-02
1.395000000000000129e-01 8.798318419041398775e-01 1.660945234683374946e-02 5.270105462639318103e-03 3.814064975685199990e-03 1.504272972434597157e-02 7.943180558635540289e-02
1.704999999999999849e-01 8.119954124537789308e-01 3.125372826790812075e-02 2.831123459701150469e-03 2.112269575714775718e-03 1.024432842665577367e-02 1.415631378162405807e-01
2.015000000000000124e-01 7.214724632217225375e-01 4.716063597613340957e-02 2.252474288076593365e-03 1.068998117522680863e-03 6.052773709256751428e-03 2.219926546872875717e-01
2.324999999999999845e-01 8.182727728253678112e-01 5.126250764515796754e-02 2.258927151813841863e-03 8.784633885810218604e-04 4.798965362468173186e-03 1.225283636266107784e-01
2.635000000000000120e-01 7.898285724078165648e-01 2.474586050628499456e-02 1.597757809987805123e-03 6.889204792309617555e-04 3.457134857959951076e-03 1.796817539387194074e-01
2.944999999999999840e-01 7.732106786613875959e-01 1.788411247846284288e-02 1.288467279997108136e-03 3.229362650269873482e-04 1.751743907668620653e-03 2.055420614074565944e-01
3.255000000000000115e-01 8.514954269324449543e-01 1.806373987815799650e-02 1.243217083057721961e-03 1.654860201798236401e-04 1.117652034296425737e-03 1.279144780518625679e-01
3.564999999999999836e-01 7.808652044851679408e-01 2.090094612476483399e-02 1.303139300123916421e-03 1.899205452954947368e-04 5.803208968221322366e-04 1.961604686478254922e-01
3.875000000000000111e-01 7.208298880181609469e-01 5.433515714639851335e-02 2.076630221505715562e-03 2.469730838492133749e-04 4.921989990353261516e-04 2.220191525310498681e-01
4.184999999999999831e-01 6.127471786009200949e-01 1.493817571506995678e-01 2.393889555827693506e-03 2.006703203759158344e-04 5.344410902838593559e-04 2.347420632818926767e-01
4.495000000000000107e-01 4.556585652212190030e-01 3.522969947757146891e-01 3.074070380199897534e-03 3.534154488353217095e-04 6.547190773846816745e-04 1.879622350966460853e-01
4.804999999999999827e-01 2.281569525732223547e-01 5.033464978043022953e-01 4.841166120884131743e-03 6.197833424559007123e-04 5.335593599202475418e-04 2.625020407992146310e-01
5.115000000000000657e-01 1.130740351313629655e-01 6.285700367396555022e-01 8.547738157429804473e-03 8.856211799891708760e-04 5.649738150253636858e-04 2.483575949765368385e-01
5.424999999999999822e-01 4.793526481991071397e-02 6.705328758700636049e-01 1.620358226257882089e-02 1.512361746556451034e-03 6.296982144978193960e-04 2.631862170863921158e-01
5.735000000000000098e-01 1.631201082919197728e-02 7.214557086860142743e-01 3.336465160504294147e-02 2.653690160333737388e-03 6.268358361963136463e-04 2.255871028832203695e-01
6.045000000000000373e-01 5.865586284569354950e-03 6.568178889534429521e-01 5.874738797678047408e-02 3.972660297853795701e-03 5.437137318937302222e-04 2.740527627554591450e-01
6.354999999999999538e-01 4.649633399568525206e-03 5.150973239712078877e-01 1.837982400110536596e-01 8.123956176723816022e-03 7.242555041783412580e-04 2.876065909372674256e-01
6.664999999999999813e-01 4.174539402158642006e-03 2.654719899542637984e-01 4.149826645237203460e-01 1.614487110881374435e-02 1.319739685503709030e-03 2.979061953255396911e-01
6.975000000000000089e-01 2.717236641052309803e-03 1.019015858198817209e-01 5.858687467160402784e-01 2.886991442975986311e-02 2.175352225331001442e-03 2.784671641679343779e-01
7.284999999999999254e-01 1.232726911211529152e-03 4.137792379471860738e-02 6.485451389645381370e-01 4.746703284363806147e-02 2.238008370995208177e-03 2.591391691148979826e-01
7.595000000000000639e-01 4.902960660969083112e-04 1.707562202391230827e-02 6.233235430027477264e-01 7.046400865526659951e-02 2.416432782685068274e-03 2.862300974692909006e-01
7.904999999999999805e-01 3.417917505287938794e-04 1.029305922806731007e-02 5.869043582937072401e-01 1.168464127131239594e-01 3.133392961394503105e-03 2.824809850531778688e-01
8.215000000000000080e-01 2.063705832676097386e-04 7.022217209283746452e-03 5.205655736906958930e-01 1.881166182707092460e-01 4.178315534019688866e-03 2.799109047120235116e-01
8.525000000000000355e-01 1.423887274533608611e-04 6.964446529224064750e-03 3.462964560547328596e-01 3.495376132857235252e-01 4.532352014300294364e-03 2.925267433885656021e-01
8.834999999999999520e-01 1.067205759989711569e-04 7.658029448533451057e-03 1.788815134855684663e-01 5.293400044788693082e-01 7.116207779785630426e-03 2.768975242312437524e-01
9.144999999999999796e-01 3.856953117296720501e-04 7.769960741339606257e-03 8.288032401799187709e-02 6.038468183191374461e-01 1.492909654404682429e-02 2.901881050657542094e-01
9.455000000000000071e-01 3.015750151994114978e-04 5.712393936434279583e-03 4.577750129453936334e-02 6.155880364280624795e-01 2.956117567906729054e-02 3.030593176466966909e-01
9.764999999999999236e-01 5.801089174704108110e-04 4.025755238244428311e-03 2.823273990950011733e-02 5.876904402061791099e-01 6.194013827493087543e-02 3.175308174536746186e-01
1.007499999999999840e+00 3.846603920946801221e-04 2.063442107909870676e-03 1.813455082507279756e-02 5.290351601201419562e-01 1.111988547101838837e-01 3.391833318445965917e-01
1.038499999999999979e+00 5.850416316688753122e-04 1.526027181978495753e-03 1.289698037338400140e-02 3.909849057489901969e-01 2.227943419107024370e-01 3.712127031532757027e-01
1.069500000000000117e+00 7.176792570966954252e-04 7.785222169073174360e-04 7.738986932729782081e-03 2.683915396850969914e-01 3.220548308428921591e-01 4.003184410652768088e-01
1.100500000000000034e+00 5.876262104895962944e-04 5.317141194793879432e-04 4.799793608343723601e-03 1.626748675931684596e-01 3.744375171575846650e-01 4.569684813109339272e-01
1.131499999999999950e+00 6.154431659584075212e-04 5.277503610261365108e-04 2.650455523301172706e-03 9.868828388003703100e-02 4.075552790796865277e-01 4.899627879899905447e-01
1.162500000000000089e+00 4.791693305028671998e-04 3.928030972305698409e-04 2.106127565633423085e-03 6.943622426987366980e-02 4.039781621600067041e-01 5.236075135767526145e-01
1.193500000000000005e+00 3.981772747630258008e-04 1.414132008442150481e-04 1.084636692101920846e-03 4.558457137924022684e-02 3.840255485999083396e-01 5.687656528531420674e-01
1.224499999999999922e+00 4.573743044113424625e-04 2.146965915400686974e-04 7.380728077071279508e-04 3.410704201089806431e-02 3.864754186262680524e-01 5.780073956591751383e-01
1.255500000000000060e+00 4.149398523508417819e-04 2.208257496085651761e-04 5.401930586157255645e-04 2.982871698212657616e-02 3.600541529381032224e-01 6.089411714191947933e-01
1.286499999999999977e+00 6.011559984331906435e-04 3.338975685352665998e-04 7.246503139263338984e-04 3.107526203924712571e-02 3.606703715161492796e-01 6.065946625637086420e-01
1.317499999999999893e+00 6.068249145285130883e-04 2.789944702991632936e-04 7.753809561629799486e-04 2.784574873512177251e-02 3.480237650755113044e-01 6.224692858483761304e-01
1.348500000000000032e+00 5.588821255437479438e-04 3.560577577022370089e-04 7.372800846237844222e-04 2.313462760136728719e-02 3.309203209715950167e-01 6.442928314591677141e-01
1.379499999999999948e+00 6.067973575834326562e-04 4.695616744551695692e-04 8.167943767054158030e-04 2.130358869954344578e-02 3.226973654632751543e-01 6.541058924284370857e-01
1.410499999999999865e+00 7.997472609610504699e-04 7.164434567615033875e-04 9.411512353799205127e-04 2.264830903912554150e-02 3.138512623328165718e-01 6.610430866749552603e-01
1.441500000000000004e+00 7.819851677189785860e-04 1.307097197599404190e-03 1.122499292139790550e-03 2.583298897096314786e-02 2.987416068285778104e-01 6.722138225430007719e-01
1.472500000000000142e+00 6.974329388396519622e-04 1.896262621346154554e-03 1.346704167468283815e-03 2.582646627363647390e-02 2.781991935591147658e-01 6.920339404395944305e-01
1.503499999999999837e+00 1.503872771415978252e-03 3.126902361879696328e-03 1.658159124605433372e-03 2.635770776609942800e-02 2.733352547064608618e-01 6.940181032695384999e-01
1.534499999999999975e+00 2.311243893956572981e-03 3.632211492760001846e-03 2.205802922859960522e-03 3.001688672406493952e-02 2.438434119666827160e-01 7.179904429996757376e-01
1.565500000000000114e+00 2.618433716079845465e-03 3.481347285901961481e-03 2.989234785289938447e-03 3.613852775850773941e-02 2.209009332588284802e-01 7.338715231953919504e-01
1.596500000000000030e+00 3.620314852023699768e-03 4.460352571906435297e-03 4.009335509831037786e-03 4.116503339030296721e-02 2.187644170903164098e-01 7.279805465856192814e-01
1.627499999999999947e+00 5.070511471538199748e-03 5.371310511684179202e-03 4.691583766843854079e-03 3.495876343045566798e-02 1.851328887181012683e-01 7.647749421013767535e-01
1.658500000000000085e+00 7.060839279364634902e-03 5.713447817375498852e-03 5.383358579249211510e-03 3.191018238865254292e-02 1.750023094562125625e-01 7.749298624791454149e-01
1.689500000000000002e+00 9.244832821342446882e-03 6.392919883333925482e-03 5.329732820742255628e-03 2.478140217230974385e-02 1.752092273723827587e-01 7.790418849298886839e-01
1.720499999999999918e+00 1.138266769595458298e-02 5.533343858829819356e-03 5.836443366949121449e-03 2.253358488302528023e-02 1.599267600995311067e-01 7.947872000957099115e-01
1.751500000000000057e+00 1.151182872766810632e-02 5.383095200298965849e-03 5.941008667195771947e-03 1.892450325995026147e-02 1.522149953313240434e-01 8.060245688135627695e-01
1.782499999999999973e+00 9.479686988502581194e-03 4.978366059094458188e-03 3.797879607798886840e-03 1.696642764473493131e-02 1.558261119912367210e-01 8.089515277086323231e-01
1.813499999999999890e+00 1.205561455647014002e-02 6.809273503105900058e-03 3.609586285454427588e-03 1.437181944647190901e-02 1.547940902895735549e-01 8.083596159189239128e-01
1.844500000000000028e+00 1.404559757612472773e-02 4.436563302259190905e-03 2.362480583813488140e-03 8.208335882715940904e-03 1.436069237190207848e-01 8.273400989360657487e-01
1.875499999999999945e+00 1.120062172717558105e-02 5.124054084710976363e-03 3.838862327905478121e-03 7.659551217098063171e-03 1.408912249008076878e-01 8.312856857423021051e-01
1.906499999999999861e+00 1.097464538551463920e-02 4.456650701488438886e-03 2.927317197602624394e-03 4.910820858602153553e-03 1.240899395343914025e-01 8.526406263224006743e-01
1.937500000000000000e+00 1.360797985746015071e-02 5.797480206422186456e-03 1.073605653385883421e-03 4.458864351256110019e-03 1.277025861760918146e-01 8.473594837553837245e-01
1.968500000000000139e+00 1.233288718298857119e-02 4.457910522025839914e-03 1.618286320390790968e-03 5.260119262398449055e-03 1.146339332197936350e-01 8.616968634924025983e-01
1.999500000000000055e+00 1.044783438294702958e-02 4.740278419417006880e-03 2.326059727777222714e-03 4.557154188940055334e-03 1.040435646079601456e-01 8.738851086729584328e-01
2.030499999999999972e+00 1.042438772715508812e-02 5.398734864882892386e-03 1.525611339938380681e-03 1.995255524614974758e-03 1.014205726712296973e-01 8.792354378721789487e-01
2.061499999999999666e+00 1.089052786561537853e-02 4.804222044464759485e-03 1.651978337346156778e-03 2.580567318015271859e-03 1.015941925843320132e-01 8.784785118502264067e-01
2.092500000000000249e+00 1.072349866095348263e-02 3.999067919151312600e-03 1.006106994691407033e-03 2.075922089717750166e-03 9.546702056424505312e-02 8.867283837712409689e-01
2.123499999999999943e+00 1.094105698762241029e-02 4.115153941279259264e-03 8.087203714942092780e-04 2.164839989533582677e-03 9.520312331386435178e-02 8.867671053962061789e-01
2.154499999999999638e+00 1.084360465753345625e-02 4.163442256648649219e-03 1.416767573335250352e-03 2.562641197189527344e-03 8.998538328756040816e-02 8.910281610277326347e-01
2.185500000000000220e+00 1.033467135932922970e-02 3.455090242358544329e-03 1.273713878838677932e-03 1.776628774706063337e-03 7.705851833628137026e-02 9.061013774084860639e-01
2.216499999999999915e+00 1.035648321826478611e-02 4.170752512274059770e-03 7.989733366536200428e-04 2.524896868672812499e-03 7.784729165922685268e-02 9.043016024049077561e-01
2.247500000000000053e+00 7.382941251524610671e-03 3.185557834684482441e-03 6.391566633106733055e-04 2.269689774939305949e-03 7.744189824719147075e-02 9.090807562283493848e-01
2.278500000000000192e+00 5.666077722322587426e-03 2.300307950749186977e-03 2.640088084268653107e-04 2.069744988269825014e-03 6.219505744219581966e-02 9.275048030880357341e-01
2.309499999999999886e+00 4.101216908943764415e-03 2.278442524871985165e-03 3.390859753460832870e-04 1.916831165264887412e-03 6.425237510277462261e-02 9.271120483227986986e-01
2.340500000000000025e+00 3.552135248956062464e-03 1.572072224588646388e-03 4.088774224158897379e-04 1.849820037893482472e-03 6.283216776272484982e-02 9.297849273034209938e-01
2.371500000000000163e+00 3.737353400237417977e-03 1.459947494457514063e-03 3.391671813689473946e-04 1.476117626158932094e-03 5.762122412723669901e-02 9.353661901705404569e-01
2.402499999999999858e+00 3.638692084176556145e-03 1.748291736881646538e-03 1.646155387090252596e-04 1.333936944106927595e-03 5.522010530233302517e-02 9.378943583937927597e-01
2.433499999999999996e+00 3.188942097884205247e-03 1.461209083019461303e-03 3.215187086807253978e-04 9.465650794059243421e-04 5.140423952748277014e-02 9.426775255035269030e-01
2.464500000000000135e+00 2.823508496880106685e-03 9.172384564802505335e-04 4.765577388414810088e-04 9.530785640398036851e-04 5.161802441036545536e-02 9.432115923333928009e-01
2.495499999999999829e+00 2.102788601594350690e-03 8.613060648307821780e-04 4.786388847712908803e-04 5.430607014754685810e-04 4.975242153486614249e-02 9.462617842124619871e-01
2.526499999999999968e+00 1.066822397773012701e-03 8.890518134304119724e-04 1.259424557476920348e-04 9.865497604833242933e-04 5.277230888233849088e-02 9.441593246902271197e-01
2.557500000000000107e+00 1.203012228347124027e-03 6.107118104144636196e-04 1.110336169407268503e-04 1.147484204359896240e-03 5.346693723785066188e-02 9.434608209020870495e-01
2.588499999999999801e+00 1.279514998283173615e-03 5.082270611029686977e-04 2.275930237220804534e-04 3.937763427210670534e-04 4.913132190890500545e-02 9.484595666652657631e-01
2.619499999999999940e+00 7.475625082620904107e-04 2.201106338386222725e-04 4.429968601788119122e-05 5.556054977318145623e-04 5.168453748180842217e-02 9.467478841923411270e-01
2.650500000000000078e+00 6.203169962995353729e-04 1.735546305726571583e-04 2.212613738583828042e-04 1.041072270743311515e-04 4.314805301213460453e-02 9.557327067600603909e-01
2.681499999999999773e+00 5.454284285987819362e-04 2.081053284802570130e-05 1.887774799063981210e-04 0.000000000000000000e+00 4.922073360902449318e-02 9.500242499496223125e-01
2.712499999999999911e+00 1.000095054082781980e-03 8.664497412320877915e-05 1.890120840948867199e-04 8.664497412320877915e-05 4.540497667649073116e-02 9.532326262370851566e-01
2.743500000000000050e+00 9.824500940791170561e-04 1.906057326026651595e-04 1.955267801786951510e-04 9.778116201992188383e-05 3.509404410744576541e-02 9.634395921236738047e-01
2.774499999999999744e+00 9.619530277313191775e-04 9.782228340578957198e-05 3.206743267735507586e-06 1.603663102988619353e-06 4.407717199687767595e-02 9.548582422856144447e-01
2.805500000000000327e+00 6.419868040873884588e-04 1.063646388097335994e-04 0.000000000000000000e+00 1.082061073485126614e-04 3.498241978699555971e-02 9.641610226627588265e-01
2.836500000000000021e+00 2.352062118861054062e-04 0.000000000000000000e+00 0.000000000000000000e+00 1.089980006301461383e-04 3.280023116244978887e-02 9.668555646250339697e-01
2.867499999999999716e+00 3.350660475821971547e-04 1.015351659339794774e-05 1.015720878125008850e-05 2.031072537464803624e-05 3.176303919661278147e-02 9.678612733050557804e-01
2.898500000000000298e+00 1.548760919494919852e-05 1.172633267617318272e-04 1.173059679714633623e-04 2.500569039281444320e-04 3.007957571609831335e-02 9.694203104760454881e-01
2.929499999999999993e+00 1.514122355604281714e-04 0.000000000000000000e+00 0.000000000000000000e+00 1.119133915011850244e-04 3.258946527355278955e-02 9.671472090993855630e-01
2.960499999999999687e+00 2.837133189693628031e-04 6.592966259639224851e-05 0.000000000000000000e+00 4.396109987184895827e-05 3.130563390641765559e-02 9.683007620121446557e-01
2.991500000000000270e+00 5.196479926042949079e-04 3.896651462448130028e-04 0.000000000000000000e+00 2.598239963021474540e-04 3.689182717754972002e-02 9.619390356872989933e-01
3.022499999999999964e+00 6.625065472721421980e-04 4.967895850750020945e-04 0.000000000000000000e+00 3.312532736360710990e-04 4.703391025041562395e-02 9.514755403436011560e-01
3.053499999999999659e+00 4.483474540841707670e-03 3.361994633879666298e-03 0.000000000000000000e+00 2.241737270420853835e-03 3.182992530900221051e-01 6.716135404648355678e-01
3.084500000000000242e+00 inf inf nan inf inf -inf
